16291
46679
39276
22992
31892
36131
46967
30551
48236
11982
3113
17422
43303
23714
38584
8473
35705
27079
5645
16386
11847
41398
8227
39957
35323
3829
16540
14217
10164
47956
38436
20775
21044
32903
20622
19294
26952
19174
31639
9149
17775
42313
45776
44672
11474
40460
38438
38254
42544
8748
20859
12604
44956
41330
7754
456
26105
16331
456
41257
20176
8198
15708
4121
3021
29216
2972
15923
10313
1730
8968
37609
48200
8254
49535
32811
36700
561
14879
18688
34286
37810
18499
31731
36152
29634
36149
43890
32647
22224
39131
2703
12039
37630
18079
10511
46094
28115
42513
33054
17875
48685
28611
8952
7694
18713
47965
21329
2539
29879
33211
46811
19662
10003
27217
33539
27650
33687
37105
33093
15622
9765
46570
22278
3374
48022
34229
33902
7634
23369
28124
20367
49540
40667
44378
13186
21425
19429
29284
11675
12035
44377
13780
29719
12112
38826
38814
20251
32773
28579
34115
8108
45789
29618
2118
24449
32300
2292
26489
28606
8057
12528
15594
39553
33614
18049
10399
5015
49463
47701
5214
6600
2143
37103
26028
35774
13364
9747
37153
20449
27376
49331
40452
77
29076
25376
35789
37234
37364
12511
4247
22350
45542
46107
38435
39427
8291
34884
18474
399
25615
47124
7542
5589
16398
24329
12263
3392
13031
26679
10320
4950
24678
45985
13062
34991
5707
49974
27823
7035
36877
27081
2749
7729
39397
33681
29555
44871
40985
46487
2497
48586
13182
20425
48638
25142
33955
33423
18535
22081
15448
26658
45618
38123
11693
28695
30029
10909
39708
8758
43642
36588
8006
44190
18530
4260
5746
28382
40762
37184
25466
33359
5454
20750
21397
19651
46161
28317
26311
28227
49265
20339
3611
3875
27064
18615
38495
10328
6183
36746
9425
48490
23331
47035
12381
16883
16670
21500
38312
2599
28152
606
18114
45199
20876
27053
34169
19157
6190
37076
3467
15391
38101
36579
35143
8864
8517
39306
27891
37928
42483
40055
34109
6462
46357
19074
24422
16971
18315
30852
35566
45295
17552
44649
20851
30142
30531
9411
35317
10275
29879
25813
34182
46564
19518
7501
25659
7435
7264
12857
20733
6817
4534
11264
38316
27067
49048
21500
41097
32653
39670
43920
6525
39359
19179
45043
1524
26747
27647
48125
9318
23294
38354
42254
9503
41521
20939
32524
12271
27590
36329
20825
2850
25879
20159
12520
6544
45634
11358
20266
11390
21888
34741
14243
3916
20742
38054
47655
37709
47273
36116
29586
14408
18609
534
2940
45792
18192
38880
11153
48377
7556
15851
5373
49780
45475
41593
47239
41294
3458
6236
6693
45125
38393
45578
2641
1229
13129
5536
30703
19977
6602
10281
24556
25506
38416
29758
39822
1555
144
13015
19632
49351
3440
31707
8118
43171
39795
14982
7029
11633
41960
11348
25358
34498
47366
11267
7629
8436
35509
44485
49337
34868
46011
49895
6371
22280
31165
21635
9008
25967
2963
40977
45015
19651
18131
1662
47971
18405
28591
49740
11368
42567
48191
21138
48783
35435
34519
15957
12772
31497
15969
21383
36571
532
24328
19838
11895
49538
38569
4520
42578
43972
16243
34262
41449
15978
31024
45662
43483
